4 2 218322 238
3 2 288805 592 1176
4 3 30611 431
5 4 145429 212 827 1321
3 3 196745 1224
5 5 167502 977
5 2 7001 433 885
2 1 195264 1363
4 4 49978 288
4 4 84218 7
2 2 211773 145 1018
4 4 283163 61
5 5 31960 14
4 2 253437 424 693
3 2 225208 1292
5 1 283643 294 1378
3 2 281743 219
4 1 171768 1049
2 1 100928 287 403 768 1033
4 3 203611 1385
5 2 53322 934
4 1 263315 1418
4 3 44797 1226 1336
5 1 6045 175 860
3 1 239926 1296 1402 1473
3 1 276134 399
5 2 55081 460
4 4 95493 447
5 2 267798 392 404 1127 1437
5 1 76544 364 871
5 1 17023 1040
5 2 74424 102 318 1423
5 1 217121 49 669
4 2 285700 219 796
5 1 100660 1127 1437
5 2 92298 1049
4 2 183577 141
5 4 123672 656 985 1245
4 3 10870 1224
2 2 178240 320
5 4 100000 1441
5 3 292373 1276
3 3 317066 63 736 994
4 4 10606 329 652 757 1230
4 1 239580 1116
3 2 172580 78
4 3 226319 14
2 1 205969 210
5 5 272398 195 1383
3 3 304486 1090
3 3 227073 243
5 5 256374 119
3 3 229704 1390
4 4 49529 27 365 881
5 5 113674 32
4 1 301160 697
5 5 137430 808 973
4 2 209461 340
5 2 330022 472 900
5 4 106030 1147 1239
5 1 99060 13 372 979
4 2 40938 432 446 692
4 2 219910 1025
3 3 288336 320
4 4 146549 252
3 1 239014 334
5 3 217377 820 1248 1388 1455
5 1 130211 1384
4 2 129483 224 1323
3 2 183844 195 1383
5 1 124000 475 562 1258
5 5 251696 384 857
3 3 241645 986
6 6 300552 134 457 830 927 1272 1301
5 1 226777 144 1052 1141
4 3 93709 1338
5 1 1478 1116
5 1 22186 1436
3 2 242411 245
4 1 160249 1081
5 2 228210 992
4 3 172712 858
3 1 162007 335
5 2 52910 78 1399
5 5 73423 1254
5 1 330805 433 885
3 3 324830 1023
2 2 251631 1012
5 5 208860 101
4 2 243739 116 452 699 1311
5 1 13098 1470
5 3 214592 592 1176
3 3 299359 535
4 1 225480 185 1156
6 6 241175 337 540
4 3 11354 64 1364
3 3 98769 791
4 1 322076 1034
4 4 173973 1412
3 1 301584 202 686
