2 2 220353 3783
3 2 224128 3456
2 1 235362 3808
19 16 2167 3299
7 5 197345 3713
3 1 120915 120
6 5 276110 236
3 2 293605 722 3623
5 3 206122 1183
6 3 40650 1877
7 1 209899 783 3110
7 3 26206 3808
8 5 62033 2909
7 4 81686 1482 3808
3 3 188621 1885 3328
3 3 290547 1701 4443
5 4 79107 2768
2 2 73469 1374
11 4 197429 1229
4 2 272369 819
5 3 84035 3422 4555
3 3 295379 4443
16 1 63501 1008
8 2 234764 4773
5 2 241113 151 4568
5 1 174781 120
4 2 260172 120
5 4 25828 85 2909
9 5 82503 3328
3 3 179596 2768
10 3 6694 1174
4 2 295677 3543
10 8 33346 3299
6 1 63675 3872
3 2 300622 3456
5 3 110932 4508
6 5 215896 1410 2768
7 5 198856 1885
3 3 100699 2537
19 17 107663 120 2398
7 3 150188 3808 4820
3 2 78551 2236
5 2 245504 343
4 3 36394 3783
2 1 156561 120
11 10 71153 3299
3 1 181363 2768
5 4 146980 2398
10 4 20685 3676
4 4 251269 671
5 3 26740 1220
10 6 41610 1462
2 2 272565 1701
3 1 162351 3808
4 4 152594 3280
3 2 218884 1707
3 2 192267 2582
2 1 218435 3808
6 6 116937 3786
5 4 172190 1701
2 1 233706 2768
4 2 89457 1374
6 5 269024 2315
14 10 66868 3303
3 2 226445 2768
8 5 52957 3808
15 2 189390 3808
7 2 212778 40
5 3 73652 1430 3149
4 4 54571 4820
5 2 248952 2611
2 2 221222 3044
7 5 142806 4847
5 3 50290 502 4562
3 1 236740 1107
4 1 195069 2039
6 1 149843 120
3 1 250191 2768
5 4 57006 2322
3 2 295552 1139 3048
5 1 244439 2768
6 6 59482 1885 3328
5 4 110978 1793 4604
4 4 286675 1711
4 4 124259 2395
3 3 51381 3456
5 2 86697 4523
5 5 100759 3520
5 1 291653 4726
5 5 204648 1834
5 1 105597 3948
9 4 156869 2768
6 5 176900 3328
4 2 174864 4773
10 2 55779 2398
4 4 208331 2768
3 1 89460 3328
3 1 207381 120
4 1 269185 2527
3 2 235727 688
