13 10 3623075 105 2816
5 1 3386499 2475
16 14 3913312 689
14 1 2229081 1136
15 1 2554513 123 2612
35 34 23104 1073
27 8 3388363 2875 3885
44 18 2862621 1807 2855
27 3 3604797 3916
22 17 522745 2561
39 26 422347 798
18 14 2413675 246
21 10 338623 1682
10 10 3434680 97
26 3 2862934 1319 3722 4256 4320 4608
11 6 2277419 440 739
15 12 3605233 3721
58 27 3437710 3965
62 62 3720639 2143 3266
4 3 3913043 2071
14 7 2156594 167 2001 3413
34 32 3446484 3284 3795
57 22 987638 1684
17 3 3688861 193 2130 2746 3909
49 48 3471814 2022 3387 4654
10 1 3457492 277
29 29 350450 1456 3607
6 6 3356980 2174 4585
15 13 346028 1335
83 47 3537475 1711
179 73 2067035 375 454 1147 3599
28 9 24319 240
115 4 2969044 1456 3607
35 31 2620180 2458
15 3 3995422 1398
106 64 2588843 471 3169 3459 3647
7 4 3560953 1370
7 1 2700107 611
37 13 1809988 1565
19 1 1982482 22
6 1 3904580 1763 2074
2 1 3968750 2899
10 6 1339840 2957
4 1 3605438 1552
165 140 3105821 454 1147 3599
23 14 1487869 123 2612
17 8 3720946 1560 4636
14 5 1492489 2014
66 29 15468 341 3698
6 3 3023907 78 632 1499 2333
24 9 3935404 3856
16 2 3235426 4365
22 17 2585252 4557
3 1 3440119 1342
18 9 3807831 4151
8 3 2502996 1552
77 65 3000847 2157 2706
45 40 3194246 1219 2047 2521
55 13 10077 341 2435 3698
4 3 3863740 3650
22 17 2648934 1225
8 5 423420 1779 4444
15 7 3003834 1265
66 30 2194062 365 1732
87 48 3852564 397 659 1259 1339 1595 3576
14 13 3064401 2873
40 3 48374 2348 2845
17 3 3239977 1099
21 7 646975 3659
5 3 3736468 42
60 31 289080 2571
88 61 2486504 2528 2752
15 1 3481441 2618
43 11 179240 1138
12 7 3968005 4185
30 8 3690202 2524 3602
20 15 2029403 331
2 1 3475718 4641
31 1 3400 2654
4 2 3981452 4540
28 16 1909864 1914 1973
7 6 3528490 309
2 1 3869583 449
13 6 3413693 3295
16 16 1174559 4103
36 25 406217 3750
13 3 17255 2435
36 7 367300 3750
6 4 3977106 4675
10 2 3959703 1373
27 13 2061331 1261
52 38 328061 3320
13 12 2022300 738
13 11 2512644 1342 1974 3075
4 1 3192707 3951
25 12 3646221 392 4450
3 3 2329265 4092
13 8 1803722 4120
9 6 2273640 1552
20 18 69801 1769
