20 8 2284403 4692
12 8 593316 1838
52 25 680257 4530
69 59 52833 1700
35 22 406259 3341
35 18 254426 2452
36 22 93775 3525
63 48 807102 2549
6 6 2169540 750
41 39 190576 199
55 31 691556 317 3457 4306
32 26 2760377 1133
31 22 721933 1593 2861
4 4 1886561 752
2 2 2220732 1922 3262
30 12 1602811 2901
35 14 1498386 2258
49 2 203440 3183 3500
33 25 2312097 3537
29 5 135749 4576
41 31 782531 806
24 20 308495 2568
25 16 533496 1986 4611
54 11 10384 609 2265
67 5 980512 118
48 29 539803 558
27 20 13159 194 264 2392 4058 4463
53 38 5060 2227
51 23 767629 2503
24 15 157707 723 1845 2358 3106
16 5 2364133 4654
5 3 2350295 2734
15 13 778327 2868 4122
88 34 193579 1845
5 3 204227 352
2 1 2382523 2234 3386
32 29 971994 1656
40 25 749938 2790
2 1 40352 125 3204 3304 4758
52 51 196737 342
28 19 1564988 514
12 4 2386824 431
10 7 2625633 3744
37 27 1740347 3619
52 32 205458 1044 2301
2 1 195782 2064 3771
24 20 900589 2179
54 49 800831 694
45 41 554953 3480
36 2 1514308 85 1417 2037
94 34 1718216 740 3575
15 15 772756 335 3277
48 6 189666 4578
27 25 4148 1990 2246
30 12 1907353 4662
49 29 162726 3203 4843
30 26 399047 3668
34 1 661845 706 2051 3087
47 18 402119 4259 4882
35 26 201933 3956
35 12 857212 4644
39 28 714990 95
22 4 621653 699 780 1060 3681
43 6 2077790 158
42 27 758463 3193 4021
6 3 621425 915 3751 4028
60 37 1016922 4801
40 32 920445 3652
23 10 2589355 2286
60 42 269392 1674 2382
22 3 224869 1217
17 16 473587 361 1838
16 11 652544 3532
17 6 553403 1584
17 12 2306322 1926
42 15 202861 3115
71 2 2138080 2110
33 18 2362451 2227
44 15 186409 4586
19 3 1640498 2487 3920
19 19 2246299 2435
55 51 306022 76 2124 3631 3774 4683 4730
12 8 780959 3596
62 59 1028913 3519
11 2 353549 1817
42 11 192505 3134
251 150 1164048 1844 2930 4082
56 40 527400 155 3004
10 8 2308069 2568
15 7 350697 3812
21 3 172871 1850 3190
27 3 352641 565 1324 3997
58 8 2455290 2734
5 3 322060 280
9 1 2223132 4846
39 34 341262 722
56 48 1804207 145 1340 3017 4165
80 41 1159829 1990
33 15 1140451 1471
13 6 1302712 2630
