19 7 99350 2858
7 6 58184 2090
28 8 198228 477 1147
42 29 1388 84 221 336 858 2039 2329 2825
3 2 358656 2060
2 2 373125 3261
19 14 95575 1103
4 3 202275 2367
4 1 327569 709
3 3 215394 2515
5 2 140554 999 1290
20 17 95765 382 470 2444 2483
8 3 180302 2251
13 10 427493 2384
7 3 50036 1191
8 1 137315 1865
20 3 56475 725
51 9 33868 32 595 624 1171 1549 1829 1845 2444 2567 3005
5 3 519416 44
18 8 243781 1961 2985
4 3 275057 146 1209 2466
28 7 245977 624 1860
16 7 19833 1808 2444
51 35 6770 709
13 13 192815 2477
27 9 34435 720 1692 2990 3095 3249
2 1 537425 764
13 11 78164 2428
21 12 302519 1682 2189 2489 3253
7 4 285277 1997
10 1 49278 1714 2270
7 1 458139 1682 2189 2489 3253
4 2 374059 1505
6 5 503447 3249
8 7 35725 860
21 7 101551 385 453
18 9 192798 2829
2 2 515410 1521
17 8 107289 2444 3249
5 2 553046 1140
3 2 599827 1259
24 21 184788 316 424 614
14 5 275781 3243 3249
2 2 493292 620
2 2 483868 1087
17 2 144584 697
19 18 58854 2063
5 2 118265 2332
6 5 211627 624 3249
2 2 926974 2911
8 1 280779 1501
8 5 16235 846
2 2 898072 1899
3 3 462904 1897
14 7 13395 1944
4 2 523513 263 507 551 1920 2694
3 3 107024 652
14 7 301339 2444
3 3 321808 3249
6 5 389706 551 868 874 1920 2069
5 5 330709 1448
15 13 209243 507 2694
12 5 99657 3013
38 18 97779 758 910 3221
19 16 153958 67
6 6 268321 1662
10 6 289727 2389
21 13 10711 620 2270 2568 3261
8 3 98763 338 674 824 1877 1907
4 4 283432 949
7 2 27217 1861
12 5 91533 606 2764
7 6 43845 1073
3 2 482619 573
10 8 137085 373
6 6 13362 1944
3 3 481763 1538 1603
21 11 35153 624
23 6 31607 1211 2477
6 3 227405 3100
2 2 553530 523
8 5 242552 1504
50 33 84 1194 2428
4 1 241471 2270 2810
10 9 26412 3057
18 9 21543 846 1861
4 4 20866 1308 3307
2 2 206684 846
7 2 303715 3134
6 5 303270 2725
46 5 3261 2730 3106 3307
6 3 318638 2775
3 3 320455 1471
4 4 531597 2203
12 2 328578 108 2329
7 5 291768 1113 1381
2 2 671611 1377
5 4 182812 2851
35 1 93116 191 496 764 809 2098 2568 2647 3038 3070 3250
2 1 232951 2824
