4 4 167386 1407 3335 3986
4 4 172673 324
4 2 38912 3815 4192
3 2 297374 3339 4009
3 2 131456 353 1351
3 2 79762 530 731 2334 2919 3589 3631 4265 4804
4 3 190718 2194
2 1 137165 424 695
4 4 44012 969 2415 4561 4682
2 2 100260 144 145 1232 1233 4119 4138 4617 4640 4849 4892
4 4 309190 652 715 1683 1926
3 1 134139 837 2809 4357
5 4 36150 3705
4 4 298851 2733
5 4 43156 877 878 880 1008 1012 1015 1016 1017 1018 1175 1855 1861 1862 2157 2479 2483 2620 3065 3183 3378 4041 4048 4055 4064 4110 4318 4523 4544 4590 4628 4651 4713 4865 4908
3 2 161363 1301
2 2 138784 3214 3399
5 3 147209 1886 3262 3601
3 2 10627 2947 3276
4 2 270793 705 1151
5 3 82344 1029
5 1 276558 1145 2316 3200 4186
3 3 181332 2371 3022
5 2 174487 3106
4 4 320863 2347 3901 4676
4 4 226799 1742 3018 3100 4340
4 4 21029 290 1631 3158 3994
4 4 124299 635 1660
2 1 133973 3969 4761
2 1 217070 2201 4287
3 1 331309 2385 3639
4 2 17285 3109 3837
2 2 291568 3701
3 2 241539 471 482 1373
4 2 45981 1545
4 1 140830 2956 2964 2997 4294
3 1 176633 1383
3 3 113165 2002
4 4 162251 201 203 928 1324 1595 1831 1838 2149 2240 3591 3640 4275 4812
5 2 260890 612 1409 3272 3943
4 4 314749 2725 2976 3085
5 4 32288 71 1460 1485 2096 3072 3928 4279
2 1 78874 2732
5 5 51045 423 610 2335
5 1 90256 732 1925 2379 2641 3627
3 2 271553 3503 3863 4829
3 3 36147 3705
4 4 36144 3705
3 1 1839 576 577 776 3147 3981
4 1 105206 2946 3275 3946
4 4 302948 3780
3 1 300555 549 550 1047 1048 1094 1190 1195 1586 1905 2007 2306 2602 2632 3529
4 3 309191 652 715 1683 1926
5 5 156994 3333 3983
5 5 277035 797 1030 2770
3 3 125972 308
3 2 41117 4069
3 1 204782 3701
4 3 162253 201 203 928 1324 1595 1831 1838 2149 2240 3591 3640 4275 4812
3 1 10926 1067 4834 4877
5 3 144838 623 1133 3425
2 1 77890 1415 1448 2051
4 1 181830 1673 1674
3 1 128252 3333 3983
2 1 94073 2714
3 2 328603 2291 2696 2799
3 2 38591 1212 2955 2963 4288
5 5 75386 397 1027 2486 3144 3744 3982
2 2 248190 4497
5 1 288184 2207 2618 3181 3376 3512
3 2 8928 269 777 3164 4011
4 3 48063 2167 2169 2829 3550 3559 3568 4504 4525 4835 4878
4 4 8781 1403 3788 3798 3804
4 2 182333 2078 2957 2965 3370 4296
5 4 144644 3672
2 2 226715 3282
5 4 49036 360 807 2628 2679 3283
4 2 278188 536 537 1158 3149 3989 4736
4 3 56133 707 1794 3015
3 3 30140 1888 1954 3419 3772 4249
4 2 156396 108 961 1200 1426 2973
3 1 10174 2776
4 2 176312 2496 4431
4 3 70703 4604
3 3 159528 230 603 1516
3 1 62151 3752 4004
5 2 140206 316 1248 3157 3381 3714 3751 4003
4 3 174470 990 1029
4 2 46028 2505 3669 4154
4 4 6972 187 1025 1240 1348 3840 3920 4810
5 1 271998 135 2113 3894
5 1 134640 2732
2 1 232449 740 1450 2381 3634 3915
4 4 30622 1912
3 3 320788 2091
4 2 222059 558 592 862 1417 2918 3236 3630 3838 3913
3 2 291360 8 352 2888
4 3 51355 1670 1734 3869 4737
2 1 228209 265 1005
3 2 48347 681 687 1629 3145 3981
